24 36 13
25 36 18
26 36 14
27 36 9
28 36 22
24 40 16
25 40 19
28 44 23
26 48 11
27 51 6
28 58 24
26 63 8
25 72 14
28 76 19
25 78 11
26 81 5
25 84 8
26 92 4
28 93 18
24 95 15
27 96 1
24 117 12
27 119 2
26 124 3
27 125 3
25 126 5
26 128 7
27 131 4
27 136 5
28 140 17
26 143 10
25 147 4
28 147 13
24 149 9
25 153 3
26 157 13
25 158 2
28 161 10
24 164 6
25 164 1
26 171 17
28 175 7
24 186 1
27 189 8
28 201 3
27 203 11
28 204 4
26 205 18
27 218 14
28 218 5
26 219 19
27 232 19
24 235 2
25 237 2
27 246 18
26 252 14
26 258 11
26 264 8
28 267 4
28 273 3
27 275 17
24 277 7
28 278 2
25 282 3
28 284 1
24 292 10
24 306 13
26 306 5
24 320 16
27 321 16
28 322 6
25 325 4
26 327 4
27 327 13
26 333 3
28 337 9
24 339 17
26 339 2
25 340 5
27 342 10
26 344 1
28 351 12
27 356 7
24 358 13
24 373 10
25 382 8
27 382 2
24 387 7
28 388 9
27 396 1
25 397 11
28 403 6
25 411 14
26 415 2
28 417 1
25 425 19
24 427 3
24 429 4
24 443 5
27 448 2
27 454 3
28 458 6
26 460 3
27 460 4
27 465 5
25 467 18
28 472 9
24 473 8
28 486 12
24 487 11
25 500 17
24 501 14
26 503 7
27 505 8
24 516 19
26 517 10
27 519 11
28 525 15
26 532 13
27 533 14
28 541 20
25 546 16
26 546 17
27 548 19
25 553 13
24 557 18
28 561 21
27 562 18
26 565 18
25 567 10
28 567 22
28 572 23
28 578 24
26 580 19
25 581 7
24 590 17
28 593 19
27 594 17
24 598 13
27 602 13
25 607 2
24 612 10
26 613 14
27 617 10
26 619 11
25 621 1
26 625 8
24 626 7
28 629 14
27 631 7
28 635 11
28 641 8
24 652 3
27 655 3
27 657 4
24 666 2
26 667 5
28 669 5
27 672 5
25 674 2
25 679 3
25 685 4
26 688 4
25 691 5
28 692 4
26 694 3
28 697 3
26 699 2
28 703 2
26 705 1
28 709 1
24 711 1
27 718 4
27 723 3
27 729 2
27 735 1
25 737 4
25 756 3
26 760 6
24 764 2
24 770 3
26 770 9
28 772 6
24 775 4
26 777 12
27 778 6
24 781 5
28 787 9
27 792 9
28 801 12
25 802 2
27 807 12
24 820 8
28 826 15
27 829 15
24 835 11
26 839 15
25 846 1
24 849 14
24 863 19
24 878 18
26 881 16
27 886 12
28 886 20
26 895 17
25 899 2
25 905 3
24 906 17
28 906 21
25 910 4
28 912 22
24 913 13
25 916 5
27 916 9
28 917 23
28 923 24
24 927 10
27 930 6
28 939 19
26 941 18
24 942 7
27 952 1
26 955 19
28 955 18
25 962 4
24 968 3
26 975 24
25 981 3
24 982 2
25 985 7
26 992 23
28 996 17
26 998 22
27 998 6
25 999 10
28 1003 13
26 1004 21
25 1013 13
27 1013 9
26 1016 20
28 1018 10
24 1026 1
27 1027 12
25 1028 17
28 1032 7
26 1039 15
27 1051 15
26 1053 12
28 1058 3
25 1061 18
28 1072 2
25 1075 19
28 1075 7
24 1079 2
24 1085 3
28 1089 10
24 1091 4
24 1096 5
28 1104 13
25 1109 14
26 1110 15
27 1112 20
25 1115 11
28 1118 16
25 1120 8
27 1131 21
24 1136 8
27 1137 22
27 1143 23
27 1148 24
24 1150 11
26 1151 16
28 1151 17
25 1162 5
24 1164 14
27 1164 19
28 1166 18
26 1169 13
24 1179 19
27 1181 18
28 1181 19
25 1184 4
26 1184 10
25 1189 3
24 1193 18
25 1195 2
26 1198 7
28 1200 24
25 1201 1
28 1217 23
27 1221 17
28 1223 22
24 1224 17
28 1229 21
24 1231 13
26 1238 2
26 1240 3
28 1241 20
24 1245 10
24 1260 7
28 1264 15
27 1267 16
25 1269 6
26 1269 7
27 1274 13
28 1278 12
24 1283 3
25 1283 9
26 1283 10
24 1285 4
27 1288 10
25 1298 12
26 1298 13
24 1300 5
27 1303 7
26 1312 17
25 1322 15
27 1328 2
24 1329 8
26 1332 18
28 1336 9
27 1342 1
24 1343 11
26 1346 19
28 1350 6
24 1358 14
24 1372 19
28 1373 1
28 1376 2
26 1381 24
25 1382 20
27 1395 2
26 1398 23
27 1401 3
25 1402 21
26 1403 22
28 1404 7
27 1406 4
25 1408 22
26 1409 21
27 1412 5
24 1413 18
25 1413 23
25 1419 24
28 1419 10
26 1421 20
28 1433 13
25 1434 19
26 1444 15
24 1447 17
28 1447 16
25 1451 18
27 1451 8
26 1459 12
27 1465 11
28 1466 17
27 1480 14
28 1482 18
25 1492 17
24 1493 16
27 1494 19
28 1496 19
24 1499 13
26 1501 9
27 1508 18
24 1514 10
28 1514 14
26 1516 6
28 1520 11
28 1526 8
24 1528 7
27 1537 17
25 1538 16
26 1538 1
25 1544 13
27 1544 13
24 1554 2
24 1555 3
27 1558 10
25 1559 10
28 1568 5
25 1573 7
27 1573 7
24 1584 7
26 1587 2
28 1589 4
28 1595 3
27 1598 3
24 1599 10
25 1599 2
28 1601 2
28 1606 1
24 1613 13
25 1613 1
27 1613 2
24 1627 17
26 1631 3
24 1647 18
27 1657 1
24 1661 19
28 1661 6
25 1665 2
25 1671 3
28 1671 9
25 1677 4
26 1677 4
28 1679 12
25 1682 5
26 1692 5
24 1696 24
27 1710 2
28 1712 15
24 1713 23
27 1716 3
24 1719 22
27 1722 4
24 1725 21
27 1727 5
25 1728 4
24 1737 20
25 1747 3
26 1754 4
28 1758 20
24 1760 15
26 1760 3
26 1766 2
26 1771 1
27 1773 4
24 1774 12
28 1778 21
28 1783 22
28 1789 23
27 1792 3
25 1793 2
28 1795 24
28 1810 19
26 1812 2
24 1817 9
24 1831 6
25 1837 1
27 1838 2
27 1841 7
28 1850 18
24 1854 1
26 1855 7
27 1855 10
26 1869 10
27 1870 13
26 1884 13
27 1884 16
25 1890 2
25 1896 3
28 1897 17
26 1899 16
25 1902 4
24 1903 2
25 1908 5
27 1917 17
26 1921 17
27 1936 13
26 1940 13
28 1944 16
24 1945 7
27 1950 10
28 1950 13
25 1954 4
26 1954 10
24 1959 10
27 1964 7
28 1964 10
26 1969 7
25 1972 3
24 1974 13
25 1976 7
28 1979 7
24 1988 16
25 1991 10
27 2004 3
28 2004 2
25 2005 13
24 2007 17
26 2007 3
27 2018 2
28 2018 1
25 2019 17
26 2021 2
24 2026 13
24 2040 10
24 2055 7
27 2063 1
26 2065 1
28 2071 2
28 2077 3
25 2079 16
28 2082 4
25 2085 13
28 2088 5
24 2094 3
24 2097 4
25 2099 10
24 2111 5
25 2114 7
27 2116 2
26 2121 2
27 2122 3
26 2126 3
27 2127 4
26 2132 4
27 2133 5
28 2134 4
26 2138 5
24 2140 8
25 2140 2
25 2141 3
28 2153 3
24 2155 11
28 2156 7
24 2169 14
28 2171 10
27 2172 8
25 2173 4
26 2182 4
24 2183 19
28 2185 13
27 2187 11
25 2188 5
26 2198 3
28 2200 17
27 2201 14
27 2215 19
24 2224 18
27 2230 18
28 2233 18
26 2244 2
26 2247 7
28 2247 19
25 2250 4
25 2256 3
24 2258 17
27 2260 17
25 2261 2
26 2261 10
25 2267 1
27 2268 13
26 2275 13
28 2280 14
27 2282 10
28 2286 11
26 2290 16
28 2292 8
27 2296 7
24 2304 16
25 2308 2
24 2310 13
27 2320 3
26 2322 17
27 2322 4
24 2325 10
28 2334 5
27 2336 5
26 2338 18
24 2339 7
28 2345 4
25 2351 7
26 2352 19
24 2365 2
25 2365 10
27 2365 8
26 2370 14
26 2377 11
28 2378 3
24 2379 1
25 2379 13
27 2380 11
26 2382 8
28 2382 7
25 2394 16
27 2394 14
28 2396 10
27 2409 19
28 2411 13
25 2413 17
26 2424 5
28 2425 17
24 2431 2
25 2432 13
26 2436 4
24 2437 3
24 2443 4
25 2446 10
24 2448 5
27 2450 18
25 2460 7
26 2468 3
26 2472 7
27 2483 17
28 2484 16
26 2486 10
24 2488 8
28 2491 13
25 2500 3
26 2501 13
24 2502 11
25 2502 4
28 2505 10
26 2515 17
24 2516 14
25 2517 5
28 2519 7
27 2529 16
24 2531 19
27 2536 13
24 2545 18
28 2545 2
28 2547 3
27 2550 10
25 2565 4
27 2565 7
25 2571 3
24 2573 17
26 2575 16
28 2576 7
25 2577 2
26 2581 13
25 2583 1
27 2590 2
28 2590 10
27 2592 3
26 2595 10
28 2605 13
26 2610 7
28 2619 17
24 2620 16
25 2624 2
27 2624 4
24 2626 13
26 2636 2
26 2637 3
27 2638 5
28 2639 18
24 2640 10
28 2653 19
24 2655 7
25 2666 7
26 2669 4
25 2680 10
24 2681 2
27 2681 8
26 2683 5
28 2686 14
28 2692 11
24 2694 1
25 2695 13
27 2695 11
28 2698 8
25 2709 16
27 2710 14
27 2724 19
25 2728 17
28 2740 5
26 2746 4
24 2747 2
25 2747 13
26 2752 3
24 2753 3
26 2757 2
24 2758 4
25 2761 10
28 2761 4
26 2763 1
24 2764 5
27 2765 18
28 2767 3
28 2773 2
25 2776 7
28 2778 1
26 2788 6
26 2798 9
27 2799 17
26 2805 12
27 2806 13
24 2810 4
25 2815 3
25 2818 4
27 2820 10
24 2829 3
25 2832 5
24 2833 7
27 2835 7
28 2846 6
24 2847 10
27 2860 3
24 2861 13
28 2861 9
26 2867 15
27 2875 2
28 2875 12
24 2876 17
27 2878 7
25 2881 4
25 2887 3
25 2892 2
27 2892 10
25 2898 1
28 2900 15
27 2906 13
28 2912 16
27 2921 16
25 2923 6
28 2930 13
25 2933 9
24 2935 16
24 2941 13
25 2941 12
28 2944 10
27 2953 17
24 2956 10
26 2956 12
28 2959 7
24 2970 7
27 2972 13
25 2974 15
27 2987 10
26 2989 9
28 2996 2
24 2999 2
24 3000 3
27 3001 7
26 3003 6
28 3010 1
26 3025 1
24 3027 7
24 3041 10
27 3041 3
26 3049 2
24 3055 13
26 3055 3
27 3055 2
26 3060 4
25 3062 12
28 3062 2
26 3066 5
28 3068 3
24 3070 17
28 3074 4
28 3079 5
27 3099 1
25 3109 9
24 3115 16
24 3122 13
25 3123 6
26 3126 4
28 3130 4
24 3136 10
25 3137 1
26 3144 3
28 3147 3
24 3150 7
28 3150 7
27 3152 2
27 3158 3
27 3164 4
28 3165 10
27 3169 5
24 3176 2
28 3179 13
24 3190 1
26 3190 2
28 3194 17
25 3197 2
25 3203 3
25 3209 4
27 3209 8
25 3215 5
27 3223 11
28 3224 18
26 3234 1
27 3237 14
28 3239 19
24 3243 2
24 3248 3
27 3252 19
24 3254 4
25 3254 8
24 3260 5
27 3266 18
25 3268 11
28 3274 24
25 3283 14
26 3288 2
28 3290 23
26 3293 3
27 3294 17
28 3296 22
25 3297 19
26 3299 4
27 3302 13
28 3302 21
26 3305 5
24 3306 4
25 3311 18
28 3314 20
27 3316 10
24 3324 3
24 3328 7
27 3330 7
28 3337 15
25 3340 17
24 3343 10
26 3351 4
28 3352 12
27 3356 3
24 3357 13
27 3359 4
26 3370 3
24 3371 17
27 3373 5
25 3386 16
25 3392 13
28 3394 9
24 3405 18
25 3406 10
28 3409 6
26 3416 2
24 3419 19
25 3421 7
27 3422 4
27 3427 3
28 3431 1
27 3433 2
27 3439 1
25 3447 2
25 3448 3
24 3454 24
26 3460 1
24 3471 23
24 3477 22
25 3477 7
28 3477 6
24 3482 21
27 3482 6
25 3492 10
28 3492 9
24 3494 20
27 3496 9
25 3506 13
28 3506 12
27 3511 12
26 3513 2
24 3517 15
26 3519 3
25 3520 17
26 3524 4
26 3530 5
28 3530 15
24 3532 12
27 3533 15
25 3540 18
27 3542 16
25 3554 19
27 3557 17
26 3569 8
26 3584 11
25 3587 14
24 3588 15
28 3590 20
25 3593 11
26 3598 14
25 3599 8
27 3603 13
28 3610 21
26 3612 19
28 3616 22
27 3618 10
28 3621 23
26 3627 18
28 3627 24
27 3632 7
25 3641 5
28 3643 19
25 3652 4
26 3655 17
28 3655 14
28 3661 11
28 3667 8
27 3672 3
24 3681 20
25 3685 3
27 3686 2
28 3686 5
25 3689 7
28 3697 4
24 3700 21
26 3701 16
25 3703 10
24 3706 22
26 3707 13
24 3712 23
24 3717 24
25 3717 13
26 3722 10
27 3730 1
28 3730 3
25 3732 17
24 3733 19
28 3734 7
26 3736 7
24 3745 14
28 3748 10
24 3751 11
24 3757 8
26 3762 2
28 3762 13
24 3776 5
26 3776 1
28 3777 17
27 3783 2
27 3789 3
25 3791 16
27 3795 4
24 3797 4
25 3798 13
27 3800 5
24 3803 3
24 3809 2
28 3810 18
25 3812 10
24 3815 1
28 3825 19
25 3826 7
26 3828 2
26 3834 3
26 3840 4
26 3845 5
27 3847 4
25 3852 2
28 3858 14
28 3864 11
27 3865 3
25 3866 1
24 3869 6
27 3869 7
28 3869 8
24 3879 9
27 3883 10
26 3885 8
24 3887 12
27 3898 13
26 3899 11
27 3912 17
28 3912 5
26 3913 14
25 3918 2
24 3920 15
25 3924 3
26 3928 19
25 3930 4
28 3933 4
25 3936 5
28 3939 3
26 3942 24
28 3944 2
28 3950 1
26 3959 23
26 3965 22
24 3966 20
26 3971 21
27 3972 16
25 3975 8
27 3978 13
26 3983 20
24 3986 21
25 3989 11
24 3992 22
27 3992 10
24 3997 23
24 4003 24
25 4003 14
28 4005 6
26 4006 15
27 4007 7
28 4014 9
24 4018 19
25 4018 19
28 4022 12
26 4024 12
25 4032 18
27 4032 2
27 4046 1
24 4059 18
25 4061 17
25 4068 13
25 4082 10
28 4085 9
26 4087 15
25 4096 7
27 4099 2
28 4099 6
27 4105 3
24 4106 17
27 4110 4
24 4113 13
27 4116 5
25 4122 3
28 4123 1
25 4125 4
28 4125 2
24 4127 10
25 4139 5
24 4142 7
27 4155 8
28 4155 3
24 4168 3
27 4170 11
26 4177 20
24 4182 2
27 4184 14
25 4188 4
25 4194 3
26 4196 21
27 4198 19
25 4200 2
28 4201 4
26 4202 22
25 4205 1
26 4208 23
26 4213 24
27 4213 24
28 4216 5
24 4226 1
26 4229 19
23 0 0
23 0 0
23 0 0
23 0 0
