24 1 52 1 8
24 2 18 17 16
24 3 9 8 16
24 4 10 5 11
24 5 35 8 9
24 6 18 7 3
24 7 23 8 17
24 8 15 1 7
24 9 12 3 3
24 10 14 0 17
24 11 13 3 7
24 12 41 11 4
24 13 13 2 18
24 14 13 3 7
24 15 38 33 5
24 16 15 16 8
24 17 28 18 13
24 18 29 10 9
24 19 28 13 10
24 20 21 2 4
24 21 9 3 4
24 22 5 0 4
24 23 5 1 4
24 24 16 0 4
25 1 51 13 11
25 2 15 16 22
25 3 12 14 23
25 4 11 7 22
25 5 40 13 14
25 6 12 2 3
25 7 22 9 14
25 8 28 15 6
25 9 12 3 3
25 10 14 0 14
25 11 10 4 6
25 12 34 11 3
25 13 14 0 14
25 14 10 4 6
25 15 74 19 2
25 16 10 6 7
25 17 35 18 10
25 18 23 13 7
25 19 26 11 7
25 20 20 0 1
25 21 6 0 1
25 22 5 0 1
25 23 6 0 1
25 24 15 0 1
26 1 48 14 10
26 2 17 18 19
26 3 18 18 19
26 4 12 9 16
26 5 38 19 11
26 6 16 6 4
26 7 21 10 10
26 8 28 14 6
26 9 10 4 4
26 10 14 0 10
26 11 10 4 6
26 12 53 12 6
26 13 14 0 10
26 14 10 4 6
26 15 44 33 7
26 16 16 10 6
26 17 32 16 8
26 18 16 5 6
26 19 24 9 7
26 20 22 2 4
26 21 10 3 4
26 22 6 0 4
26 23 5 0 4
26 24 16 0 4
27 1 47 9 11
27 2 14 15 20
27 3 10 10 21
27 4 9 5 16
27 5 42 6 12
27 6 22 13 5
27 7 25 8 15
27 8 14 0 8
27 9 14 0 5
27 10 14 0 15
27 11 14 0 8
27 12 24 3 4
27 13 14 0 15
27 14 14 0 8
27 15 42 28 3
27 16 15 12 7
27 17 26 20 12
27 18 31 4 8
27 19 20 11 9
27 20 19 0 1
27 21 6 0 1
27 22 6 0 1
27 23 5 0 1
27 24 16 0 1
28 1 43 21 11
28 2 10 9 13
28 3 9 12 15
28 4 13 10 13
28 5 28 15 9
28 6 16 4 11
28 7 20 7 12
28 8 36 10 6
28 9 13 2 11
28 10 14 0 12
28 11 5 1 6
28 12 38 14 9
28 13 14 0 12
28 14 6 0 6
28 15 31 22 7
28 16 16 10 5
28 17 26 17 10
28 18 24 15 9
28 19 26 10 11
28 20 21 1 6
28 21 7 3 6
28 22 5 1 7
28 23 7 3 7
28 24 16 0 7
